255 0 0 255
255 127 0 255
255 255 0 255
127 255 0 255
0 255 0 255
0 255 127 255
0 255 255 255
0 127 255 255
0 0 255 255
127 0 255 255
255 0 255 255
DIV: Solids

127 0 0 255
127 63 0 255
127 127 0 255
63 127 0 255
0 127 0 255
0 127 63 255
0 127 127 255
0 63 127 255
0 0 127 255
63 0 127 255
127 0 127 255
DIV: Darks

255 0 0 127
255 127 0 127
255 255 0 127
0 255 0 127
0 255 255 127
0 0 255 127
127 0 255 127
255 0 255 127
0 0 0 127
127 127 127 127
255 255 255 127
DIV: Transparents

0 0 0 255
34 34 34 255
68 68 68 255
136 136 136 255
204 204 204 255
255 255 255 255
78 32 0 255
137 66 35 255
190 124 69 255
226 185 113 255
255 226 190 255
DIV: Scales

255 127 127 255
255 191 127 255
255 255 127 255
191 255 127 255
127 255 127 255
127 255 191 255
127 255 255 255
127 191 255 255
127 127 255 255
191 127 255 255
255 127 255 255
DIV: Softs

107 176 0 255
95 130 197 255
226 204 190 255
10 13 49 255
120 11 11 255
DIV: Extras

