255 0 0 255
0 255 0 255
0 0 255 255
255 255 0 255
0 255 255 255
255 0 255 255
DIV: Fulls

127 0 0 255
0 127 0 255
0 0 127 255
127 127 0 255
0 127 127 255
127 0 127 255
DIV: Darker

255 0 127 255
0 255 127 255
127 127 255 255
255 127 0 255
0 127 255 255
127 0 255 255
DIV: Mixed

0 0 0 255
51 51 51 255
102 102 102 255
153 153 153 255
204 204 204 255
255 255 255 255
DIV: Grayscale

255 0 0 127
0 255 0 127
0 0 255 127
255 255 0 127
0 255 255 127
255 0 255 127
DIV: Full Transparents

0 0 0 127
51 51 51 127
102 102 102 127
153 153 153 127
204 204 204 127
255 255 255 127
DIV: Gray. Trans.

51 0 0 255
102 51 0 255
153 102 51 255
204 153 102 255
255 204 153 255
255 255 204 255
DIV: Browns

51 102 51 255
51 51 255 255
51 102 153 255
204 102 153 255
153 51 102 255
255 153 255 255
DIV: Carpet

